Your optimization:
	Average: 46.741200
	Std dev: 0.026152
	Minimum: 46.525200
	Maximum: 47.107800

Before optimization:
	Average: 548.568910
	Std dev: 0.178349
	Minimum: 543.957500
	Maximum: 551.931300

Reference optimization:
	Average: 20.589520
	Std dev: 0.019739
	Minimum: 20.191800
	Maximum: 21.596800

