Your optimization:
	Average: 85.644490
	Std dev: 0.059043
	Minimum: 84.880200
	Maximum: 87.801700

Before optimization:
	Average: 171.152250
	Std dev: 0.543390
	Minimum: 169.988100
	Maximum: 172.870600

Reference optimization:
	Average: 18.333920
	Std dev: 0.061658
	Minimum: 18.225100
	Maximum: 18.528900

