Your optimization:
	Average: 42.300160
	Std dev: 0.031831
	Minimum: 42.038400
	Maximum: 42.930600

Before optimization:
	Average: 171.186830
	Std dev: 0.154234
	Minimum: 169.788000
	Maximum: 172.534200

Reference optimization:
	Average: 18.378930
	Std dev: 0.027711
	Minimum: 18.158100
	Maximum: 19.194800

