Your optimization:
	Average: 23.592640
	Std dev: 0.228999
	Minimum: 23.294800
	Maximum: 24.316800

Before optimization:
	Average: 533.979690
	Std dev: 0.222716
	Minimum: 523.731000
	Maximum: 553.640700

Reference optimization:
	Average: 20.205620
	Std dev: 0.079601
	Minimum: 19.953900
	Maximum: 20.786700

