Your optimization:
	Average: 52.814090
	Std dev: 0.075006
	Minimum: 52.576900
	Maximum: 53.280400

Before optimization:
	Average: 547.780360
	Std dev: 0.446874
	Minimum: 542.147800
	Maximum: 551.746600

Reference optimization:
	Average: 20.500770
	Std dev: 0.399468
	Minimum: 20.229100
	Maximum: 21.764000

