Your optimization:
	Average: 78.705590
	Std dev: 0.003671
	Minimum: 77.009100
	Maximum: 79.740400

Before optimization:
	Average: 545.100750
	Std dev: 3.300643
	Minimum: 539.346900
	Maximum: 555.538300

Reference optimization:
	Average: 20.710980
	Std dev: 0.078228
	Minimum: 20.285900
	Maximum: 21.924000

