Your optimization:
	Average: 171.076520
	Std dev: 0.235330
	Minimum: 168.979500
	Maximum: 175.048200

Before optimization:
	Average: 171.336500
	Std dev: 0.021345
	Minimum: 168.446400
	Maximum: 174.474400

Reference optimization:
	Average: 18.289250
	Std dev: 0.015669
	Minimum: 18.166300
	Maximum: 18.499400

