Your optimization:
	Average: 40.703850
	Std dev: 0.078314
	Minimum: 40.426300
	Maximum: 41.086300

Before optimization:
	Average: 171.431960
	Std dev: 0.322635
	Minimum: 170.411700
	Maximum: 172.540400

Reference optimization:
	Average: 18.548420
	Std dev: 0.106069
	Minimum: 18.213000
	Maximum: 20.220400

