Your optimization:
	Average: 41.022370
	Std dev: 0.075000
	Minimum: 40.735700
	Maximum: 41.775700

Before optimization:
	Average: 548.048870
	Std dev: 0.130719
	Minimum: 544.515300
	Maximum: 553.421700

Reference optimization:
	Average: 20.602140
	Std dev: 0.106398
	Minimum: 20.214800
	Maximum: 21.067400

